[app/ui]
version = 7.2.0
modtime = 1547564662.730227200

[app/launcher]
version = 7.2.0
modtime = 1547564662.734216200
